V3

2
23
339.7056274847714 .A9DA52005D204x9
0
0 .0
Linux elerson-note 2.6.38-8-generic #42-Ubuntu SMP Mon Apr 11 03:31:50 UTC 2011 i686
15
52
	30.00000000000000	50.00000000000000	0	.Fx5	.C8x6
	70.00000000000000	50.00000000000000	0	.8Cx7	.C8x6
	50.00000000000000	80.00000000000000	0	.C8x6	.Ax7
	70.00000000000000	90.00000000000000	0	.8Cx7	.B4x7
	20.00000000000000	90.00000000000000	0	.Ax5	.B4x7
	10.00000000000000	10.00000000000000	0	.Ax4	.Ax4
	90.00000000000000	10.00000000000000	0	.B4x7	.Ax4
	20.00000000000000	20.00000000000000	1	.Ax5	.Ax5
	20.00000000000000	40.00000000000000	1	.Ax5	.Ax6
	40.00000000000000	40.00000000000000	1	.Ax6	.Ax6
	40.00000000000000	20.00000000000000	1	.Ax6	.Ax5
	60.00000000000000	20.00000000000000	1	.Fx6	.Ax5
	60.00000000000000	40.00000000000000	1	.Fx6	.Ax6
	80.00000000000000	40.00000000000000	1	.Ax7	.Ax6
	80.00000000000000	20.00000000000000	1	.Ax7	.Ax5
	20.00000000000000	60.00000000000000	1	.Ax5	.Fx6
	20.00000000000000	80.00000000000000	1	.Ax5	.Ax7
	40.00000000000000	80.00000000000000	1	.Ax6	.Ax7
	40.00000000000000	60.00000000000000	1	.Ax6	.Fx6
	60.00000000000000	60.00000000000000	1	.Fx6	.Fx6
	60.00000000000000	80.00000000000000	1	.Fx6	.Ax7
	80.00000000000000	80.00000000000000	1	.Ax7	.Ax7
	80.00000000000000	60.00000000000000	1	.Ax7	.Fx6
	 1 1 1 1 1 1 1 1 1 1
	 1 1 1 1 1 1 1 1 1 1
	 1 1 1
	3
	10 9 1
	27.32050807568877	.DA906689B97F5x5
	1
	30.00000000000000	45.77350269189625	.Fx5	.B7181116F43FEx6
	3
		1	-1
		-1	2
		-1	3
	1
	0
	3
	16 1 9
	27.32050807568877	.DA906689B97F5x5
	1
	25.77350269189626	50.00000000000000	.CE30222DE87FDx5	.C8x6
	3
		1	-1
		-1	2
		-1	3
	1
	0
	3
	19 10 1
	27.32050807568877	.DA906689B97F5x5
	1
	34.22649730810374	50.00000000000000	.88E7EEE90BC02x6	.C8000000000008x6
	3
		1	-1
		-1	2
		-1	3
	1
	0
	3
	12 11 10
	38.63703305156273	.9A8C52646BBB68x6
	1
	44.22649730810374	24.22649730810374	.B0E7EEE90BC02x6	.C1CFDDD2178038x5
	3
		1	-1
		-1	2
		-1	3
	1
	0
	3
	13 11 10
	38.63703305156273	.9A8C52646BBB68x6
	1
	44.22649730810374	35.77350269189626	.B0E7EEE90BC02x6	.8F181116F43FE8x6
	3
		1	-1
		-1	2
		-1	3
	1
	0
	3
	13 12 10
	38.63703305156273	.9A8C52646BBB68x6
	1
	55.77350269189625	35.77350269189625	.DF181116F43FEx6	.8F181116F43FEx6
	3
		1	-1
		-1	2
		-1	3
	1
	0
	3
	13 12 11
	38.63703305156273	.9A8C52646BBB68x6
	1
	55.77350269189625	24.22649730810374	.DF181116F43FEx6	.C1CFDDD2178038x5
	3
		1	-1
		-1	2
		-1	3
	1
	0
	3
	14 13 2
	27.32050807568877	.DA906689B97F5x5
	1
	70.00000000000000	45.77350269189625	.8Cx7	.B7181116F43FEx6
	3
		1	-1
		-1	2
		-1	3
	1
	0
	3
	20 2 13
	27.32050807568877	.DA906689B97F5x5
	1
	65.77350269189625	49.99999999999999	.838C088B7A1FFx7	.C7FFFFFFFFFFF8x6
	3
		1	-1
		-1	2
		-1	3
	1
	0
	3
	23 14 2
	27.32050807568877	.DA906689B97F5x5
	1
	74.22649730810374	50.00000000000000	.9473F77485E01x7	.C8x6
	3
		1	-1
		-1	2
		-1	3
	1
	0
	3
	19 1 16
	27.32050807568877	.DA906689B97F5x5
	1
	30.00000000000000	54.22649730810374	.F0000000000008x5	.D8E7EEE90BC02x6
	3
		1	-1
		-1	2
		-1	3
	1
	0
	3
	18 17 5
	29.09312911176409	.E8BEBA79CAA89x5
	1
	22.54569313596807	83.04503701205585	.B45D945CE513Ax5	.A6170F175BC768x7
	3
		1	-1
		-1	2
		-1	3
	1
	0
	3
	19 18 3
	29.09312911176409	.E8BEBA79CAA89x5
	1
	43.04503701205586	77.45430686403192	.AC2E1E2EB78ED8x6	.9AE89AE8C6BB18x7
	3
		1	-1
		-1	2
		-1	3
	1
	0
	3
	20 19 3
	37.32050807568877	.95483344DCBFA8x6
	1
	50.00000000000000	65.77350269189625	.C8000000000008x6	.838C088B7A1FFx7
	3
		1	-1
		-1	2
		-1	3
	1
	0
	3
	20 13 19
	38.63703305156273	.9A8C52646BBB68x6
	1
	55.77350269189626	55.77350269189626	.DF181116F43FE8x6	.DF181116F43FE8x6
	3
		1	-1
		-1	2
		-1	3
	1
	0
	3
	20 19 18
	38.63703305156273	.9A8C52646BBB68x6
	1
	44.22649730810374	64.22649730810374	.B0E7EEE90BC02x6	.8073F77485E01x7
	3
		1	-1
		-1	2
		-1	3
	1
	0
	3
	23 2 20
	27.32050807568877	.DA906689B97F5x5
	1
	70.00000000000000	54.22649730810374	.8Cx7	.D8E7EEE90BC02x6
	3
		1	-1
		-1	2
		-1	3
	1
	0
	3
	21 20 3
	29.09312911176409	.E8BEBA79CAA89x5
	1
	56.95496298794414	77.45430686403192	.E3D1E1D148713x6	.9AE89AE8C6BB18x7
	3
		1	-1
		-1	2
		-1	3
	1
	0
	3
	21 20 18
	38.63703305156273	.9A8C52646BBB68x6
	1
	55.77350269189626	75.77350269189625	.DF181116F43FE8x6	.978C088B7A1FFx7
	3
		1	-1
		-1	2
		-1	3
	1
	0
	3
	21 20 19
	38.63703305156273	.9A8C52646BBB68x6
	1
	55.77350269189626	64.22649730810374	.DF181116F43FE8x6	.8073F77485E01x7
	3
		1	-1
		-1	2
		-1	3
	1
	0
	3
	22 21 4
	27.32050807568877	.DA906689B97F5x5
	1
	70.00000000000000	85.77350269189625	.8Cx7	.AB8C088B7A1FFx7
	3
		1	-1
		-1	2
		-1	3
	1
	0
	2
	1 2
	40.00000000000000	.Ax6
	0
	1
		1	2
	1
	0
	2
	1 9
	14.14213562373095	.E2463000F856x4
	0
	1
		1	2
	1
	0
	2
	1 12
	42.42640687119285	.A9B4A400BA408x6
	0
	1
		1	2
	1
	0
	2
	1 16
	14.14213562373095	.E2463000F856x4
	0
	1
		1	2
	1
	0
	2
	1 19
	14.14213562373095	.E2463000F856x4
	0
	1
		1	2
	1
	0
	2
	2 11
	42.42640687119285	.A9B4A400BA408x6
	0
	1
		1	2
	1
	0
	2
	2 14
	14.14213562373095	.E2463000F856x4
	0
	1
		1	2
	1
	0
	2
	2 18
	42.42640687119285	.A9B4A400BA408x6
	0
	1
		1	2
	1
	0
	2
	2 20
	14.14213562373095	.E2463000F856x4
	0
	1
		1	2
	1
	0
	2
	3 4
	22.36067977499789	.B2E2AC13EF8E9x5
	0
	1
		1	2
	1
	0
	2
	3 5
	31.62277660168379	.FCFB724C879138x5
	0
	1
		1	2
	1
	0
	2
	3 19
	22.36067977499789	.B2E2AC13EF8E9x5
	0
	1
		1	2
	1
	0
	2
	3 20
	22.36067977499789	.B2E2AC13EF8E9x5
	0
	1
		1	2
	1
	0
	2
	4 5
	50.00000000000000	.C8x6
	0
	1
		1	2
	1
	0
	2
	4 19
	42.42640687119285	.A9B4A400BA408x6
	0
	1
		1	2
	1
	0
	2
	4 21
	14.14213562373095	.E2463000F856x4
	0
	1
		1	2
	1
	0
	2
	4 22
	14.14213562373095	.E2463000F856x4
	0
	1
		1	2
	1
	0
	2
	5 6
	80.62257748298549	.A13EC279D14C2x7
	0
	1
		1	2
	1
	0
	2
	5 16
	30.00000000000000	.Fx5
	0
	1
		1	2
	1
	0
	2
	5 18
	22.36067977499789	.B2E2AC13EF8E9x5
	0
	1
		1	2
	1
	0
	2
	6 7
	80.00000000000000	.Ax7
	0
	1
		1	2
	1
	0
	2
	6 9
	31.62277660168379	.FCFB724C879138x5
	0
	1
		1	2
	1
	0
	2
	6 11
	31.62277660168379	.FCFB724C879138x5
	0
	1
		1	2
	1
	0
	2
	7 12
	31.62277660168379	.FCFB724C879138x5
	0
	1
		1	2
	1
	0
	2
	7 14
	31.62277660168379	.FCFB724C879138x5
	0
	1
		1	2
	1
	0
	2
	7 22
	70.71067811865475	.8D6BDE009B35Cx7
	0
	1
		1	2
	1
	0
	2
	9 19
	28.28427124746190	.E2463000F856x5
	0
	1
		1	2
	1
	0
	2
	9 21
	56.56854249492380	.E2463000F856x6
	0
	1
		1	2
	1
	0
	2
	14 18
	56.56854249492380	.E2463000F856x6
	0
	1
		1	2
	1
	0
	2
	14 20
	28.28427124746190	.E2463000F856x5
	0
	1
		1	2
	1
	0
	2
	20 21
	20.00000000000000	.Ax5
	0
	1
		1	2
	1
	0
