2 2 4
2 2 4
2 2 4
2 2 4
2 2 4
2 2 4
2 2 4
2 2 4
2 2 4
2 2 4
2 2 4
2 2 4
2 2 4
2 2 4
2 2 4
2 2 4
2 2 4
2 2 4
2 2 4
2 2 4
2 2 4
2 2 4
2 2 4
2 2 4
2 2 4
2 2 4
2 2 4
1 3 4
1 3 4
2 2 4
1 3 4
1 3 4
2 2 4
1 3 4
1 3 4
2 2 4
1 3 4
1 3 4
2 2 4
1 3 4
1 3 4
2 2 4
1 3 4
1 3 4
2 2 4
2 2 4
2 2 4
2 2 4
2 2 4
2 2 4
2 2 4
2 2 4
2 2 4
2 2 4
1 3 4
2 2 4
1 3 4
1 3 4
2 2 4
1 3 4
1 3 4
2 2 4
1 3 4
2 2 4
2 2 4
1 3 4
2 2 4
2 2 4
1 3 4
2 2 4
2 2 4
1 3 4
1 3 4
2 2 4
1 3 4
1 3 4
2 2 4
1 3 4
1 3 4
2 2 4
1 3 4
2 2 4
1 3 4
2 2 4
2 2 4
1 3 4
2 2 4
2 2 4
1 3 4
2 2 4
2 2 4
2 2 4
1 3 4
2 2 4
2 2 4
1 3 4
2 2 4
2 2 4
1 3 4
1 3 4
2 2 4
1 3 4
1 3 4
2 2 4
1 3 4
1 3 4
2 2 4
1 3 4
1 3 4
2 2 4
1 3 4
1 3 4
1 3 4
2 2 4
0 4 4
0 4 4
1 3 4
2 2 4
1 3 4
0 4 4
0 4 4
1 3 4
1 3 4
2 2 4
1 3 4
1 3 4
2 2 4
1 3 4
1 3 4
2 2 4
1 3 4
1 3 4
2 2 4
1 3 4
1 3 4
2 2 4
1 3 4
1 3 4
2 2 4
1 3 4
1 3 4
2 2 4
1 3 4
1 3 4
2 2 4
1 3 4
1 3 4
2 2 4
1 3 4
1 3 4
2 2 4
1 3 4
1 3 4
2 2 4
1 3 4
1 3 4
2 2 4
1 3 4
0 4 4
1 3 4
0 4 4
1 3 4
0 4 4
1 3 4
0 4 4
1 3 4
2 2 4
0 4 4
1 3 4
2 2 4
1 3 4
1 3 4
2 2 4
0 4 4
1 3 4
2 2 4
0 4 4
V3

2
15
234.0609100072045 .8EDC046679495x16
4
0 .0
Linux elerson-note 2.6.38-8-generic #42-Ubuntu SMP Mon Apr 11 03:31:50 UTC 2011 i686
0
73
	30.00000000000000	50.00000000000000	0	.927Cx13	.F424x13
	70.00000000000000	50.00000000000000	0	.AAE6x14	.F424x13
	50.00000000000000	70.00000000000000	0	.F424x13	.AAE6x14
	20.00000000000000	20.00000000000000	1	.C35x12	.C35x12
	20.00000000000000	40.00000000000000	1	.C35x12	.C35x13
	40.00000000000000	40.00000000000000	1	.C35x13	.C35x13
	40.00000000000000	20.00000000000000	1	.C35x13	.C35x12
	60.00000000000000	20.00000000000000	1	.927Cx14	.C35x12
	60.00000000000000	40.00000000000000	1	.927Cx14	.C35x13
	80.00000000000000	40.00000000000000	1	.C35x14	.C35x13
	80.00000000000000	20.00000000000000	1	.C35x14	.C35x12
	20.00000000000000	60.00000000000000	1	.C35x12	.927Cx14
	20.00000000000000	80.00000000000000	1	.C35x12	.C35x14
	40.00000000000000	80.00000000000000	1	.C35x13	.C35x14
	40.00000000000000	65.00000000000000	1	.C35x13	.9EB1x14
	 1 1 1 1 1 1 1 1 1 1
	 1 1 1 1 1
	3
	3 2 1
	54.64101615137753	.8566A2958F77Fx14
	1
	50.00000000000000	61.54700538379250	.F424x13	.9642E0DC8527F8x14
	3
		1	-1
		-1	2
		-1	3
	1
	0
	3
	15 2 1
	50.63823145155570	.F741CA1082EDF8x13
	1
	41.05844682508063	59.74576240607976	.C87B0EFBE91D78x13	.91DD19FC272CC8x14
	3
		1	-1
		-1	2
		-1	3
	1
	0
	3
	6 1 2
	45.74735318056718	.DF6031048D541x13
	1
	40.14783929291689	40.65996962629113	.C408CC92E03148x13	.C688F647C92838x13
	3
		1	-1
		-1	2
		-1	3
	1
	0
	3
	7 1 2
	65.40994549059532	.9FB137474B77x14
	1
	43.02169479251962	39.53254218877943	.D2111E55673898x13	.C107AD801AD4E8x13
	3
		1	-1
		-1	2
		-1	3
	1
	0
	3
	8 1 2
	65.40994549059532	.9FB137474B77x14
	1
	56.97830520748037	39.53254218877943	.8B1B70D54C63Bx14	.C107AD801AD4E8x13
	3
		1	-1
		-1	2
		-1	3
	1
	0
	3
	9 1 2
	45.74735318056718	.DF6031048D541x13
	1
	59.85216070708309	40.65996962629113	.921F99B68FE758x14	.C688F647C92838x13
	3
		1	-1
		-1	2
		-1	3
	1
	0
	3
	12 3 1
	41.14389776172830	.C8E5DF48A40A5x13
	1
	29.50065612391221	55.59073014802393	.900BD1F5ABBF6x13	.87B834D2DCF188x14
	3
		1	-1
		-1	2
		-1	3
	1
	0
	3
	14 3 1
	41.14389776172830	.C8E5DF48A40A5x13
	1
	44.40926985197605	70.49934387608778	.D8D7965A461CE8x13	.AC1E17052A205x14
	3
		1	-1
		-1	2
		-1	3
	1
	0
	3
	6 1 3
	41.14389776172830	.C8E5DF48A40A5x13
	1
	35.59073014802394	49.50065612391221	.ADC869A5B9E318x13	.F1B3D1F5ABBF58x13
	3
		1	-1
		-1	2
		-1	3
	1
	0
	3
	9 3 2
	41.14389776172830	.C8E5DF48A40A5x13
	1
	64.40926985197606	49.50065612391221	.9D3FCB2D230E78x14	.F1B3D1F5ABBF6x13
	3
		1	-1
		-1	2
		-1	3
	1
	0
	3
	15 3 2
	39.30159338081171	.BFE6FDE1C18F8x13
	1
	49.62130602202331	68.17625307518870	.F24AA1ED52FB8x13	.A672287DF5B0Dx14
	3
		1	-1
		-1	2
		-1	3
	1
	0
	3
	8 7 6
	38.63703305156272	.BCA84A9395824x13
	1
	44.22649730810373	24.22649730810374	.D7F31F237AD7F8x13	.EC963E46F5B01x12
	3
		1	-1
		-1	2
		-1	3
	1
	0
	3
	9 7 6
	38.63703305156272	.BCA84A9395824x13
	1
	44.22649730810373	35.77350269189625	.D7F31F237AD7F8x13	.AEACE0DC8527F8x13
	3
		1	-1
		-1	2
		-1	3
	1
	0
	3
	9 8 6
	38.63703305156273	.BCA84A93958248x13
	1
	55.77350269189625	35.77350269189625	.882A706E4294x14	.AEACE0DC8528x13
	3
		1	-1
		-1	2
		-1	3
	1
	0
	3
	9 8 7
	38.63703305156272	.BCA84A9395824x13
	1
	55.77350269189625	24.22649730810374	.882A706E4294x14	.EC963E46F5Bx12
	3
		1	-1
		-1	2
		-1	3
	1
	0
	2
	1 2
	40.00000000000000	.C35x13
	0
	1
		1	2
	1
	0
	2
	1 3
	28.28427124746190	.8A1B56CC97928x13
	0
	1
		1	2
	1
	0
	2
	1 5
	14.14213562373095	.8A1B56CC97928x12
	0
	1
		1	2
	1
	0
	2
	1 6
	14.14213562373095	.8A1B56CC97928x12
	0
	1
		1	2
	1
	0
	2
	1 9
	31.62277660168379	.9A68788335BE6x13
	0
	1
		1	2
	1
	0
	2
	1 10
	50.99019513592784	.F8F9BE71890378x13
	0
	1
		1	2
	1
	0
	2
	1 12
	14.14213562373095	.8A1B56CC97928x12
	0
	1
		1	2
	1
	0
	2
	1 15
	18.02775637731994	.B00D6414DC2F8x12
	0
	1
		1	2
	1
	0
	2
	2 3
	28.28427124746190	.8A1B56CC97928x13
	0
	1
		1	2
	1
	0
	2
	2 5
	50.99019513592784	.F8F9BE71890378x13
	0
	1
		1	2
	1
	0
	2
	2 6
	31.62277660168379	.9A68788335BE6x13
	0
	1
		1	2
	1
	0
	2
	2 9
	14.14213562373095	.8A1B56CC97928x12
	0
	1
		1	2
	1
	0
	2
	2 10
	14.14213562373095	.8A1B56CC97928x12
	0
	1
		1	2
	1
	0
	2
	2 12
	50.99019513592784	.F8F9BE71890378x13
	0
	1
		1	2
	1
	0
	2
	2 14
	42.42640687119284	.CF290232E35BB8x13
	0
	1
		1	2
	1
	0
	2
	2 15
	33.54101966249684	.A3C6464AC0722x13
	0
	1
		1	2
	1
	0
	2
	3 5
	42.42640687119284	.CF290232E35BB8x13
	0
	1
		1	2
	1
	0
	2
	3 6
	31.62277660168379	.9A68788335BE6x13
	0
	1
		1	2
	1
	0
	2
	3 7
	50.99019513592784	.F8F9BE71890378x13
	0
	1
		1	2
	1
	0
	2
	3 8
	50.99019513592784	.F8F9BE71890378x13
	0
	1
		1	2
	1
	0
	2
	3 9
	31.62277660168379	.9A68788335BE6x13
	0
	1
		1	2
	1
	0
	2
	3 10
	42.42640687119284	.CF290232E35BB8x13
	0
	1
		1	2
	1
	0
	2
	3 14
	14.14213562373095	.8A1B56CC97928x12
	0
	1
		1	2
	1
	0
	2
	3 15
	11.18033988749894	.DA5DB30E55ED8x11
	0
	1
		1	2
	1
	0
	2
	4 5
	20.00000000000000	.C35x12
	0
	1
		1	2
	1
	0
	2
	4 6
	28.28427124746190	.8A1B56CC97928x13
	0
	1
		1	2
	1
	0
	2
	4 7
	20.00000000000000	.C35x12
	0
	1
		1	2
	1
	0
	2
	5 6
	20.00000000000000	.C35x12
	0
	1
		1	2
	1
	0
	2
	5 7
	28.28427124746190	.8A1B56CC97928x13
	0
	1
		1	2
	1
	0
	2
	5 12
	20.00000000000000	.C35x12
	0
	1
		1	2
	1
	0
	2
	5 15
	32.01562118716424	.9C5386C7A709E8x13
	0
	1
		1	2
	1
	0
	2
	6 7
	20.00000000000000	.C35x12
	0
	1
		1	2
	1
	0
	2
	6 8
	28.28427124746190	.8A1B56CC97928x13
	0
	1
		1	2
	1
	0
	2
	6 9
	20.00000000000000	.C35x12
	0
	1
		1	2
	1
	0
	2
	6 12
	28.28427124746190	.8A1B56CC97928x13
	0
	1
		1	2
	1
	0
	2
	6 15
	25.00000000000000	.F424x12
	0
	1
		1	2
	1
	0
	2
	7 8
	20.00000000000000	.C35x12
	0
	1
		1	2
	1
	0
	2
	7 9
	28.28427124746190	.8A1B56CC97928x13
	0
	1
		1	2
	1
	0
	2
	8 9
	20.00000000000000	.C35x12
	0
	1
		1	2
	1
	0
	2
	8 10
	28.28427124746190	.8A1B56CC97928x13
	0
	1
		1	2
	1
	0
	2
	8 11
	20.00000000000000	.C35x12
	0
	1
		1	2
	1
	0
	2
	8 14
	63.24555320336758	.9A68788335BE6x14
	0
	1
		1	2
	1
	0
	2
	8 15
	49.24428900898052	.F0735C7B9D9D8x13
	0
	1
		1	2
	1
	0
	2
	9 10
	20.00000000000000	.C35x12
	0
	1
		1	2
	1
	0
	2
	9 11
	28.28427124746190	.8A1B56CC97928x13
	0
	1
		1	2
	1
	0
	2
	9 12
	44.72135954999579	.DA5DB30E55ED8x13
	0
	1
		1	2
	1
	0
	2
	9 14
	44.72135954999579	.DA5DB30E55ED8x13
	0
	1
		1	2
	1
	0
	2
	9 15
	32.01562118716424	.9C5386C7A709E8x13
	0
	1
		1	2
	1
	0
	2
	10 11
	20.00000000000000	.C35x12
	0
	1
		1	2
	1
	0
	2
	10 12
	63.24555320336758	.9A68788335BE6x14
	0
	1
		1	2
	1
	0
	2
	10 14
	56.56854249492380	.8A1B56CC97928x14
	0
	1
		1	2
	1
	0
	2
	10 15
	47.16990566028301	.E65261CFB0BD1x13
	0
	1
		1	2
	1
	0
	2
	12 13
	20.00000000000000	.C35x12
	0
	1
		1	2
	1
	0
	2
	12 14
	28.28427124746190	.8A1B56CC97928x13
	0
	1
		1	2
	1
	0
	2
	12 15
	20.61552812808830	.C952D200818868x12
	0
	1
		1	2
	1
	0
	2
	13 14
	20.00000000000000	.C35x12
	0
	1
		1	2
	1
	0
	2
	13 15
	25.00000000000000	.F424x12
	0
	1
		1	2
	1
	0
	2
	14 15
	15.00000000000000	.927Cx12
	0
	1
		1	2
	1
	0
